27x45

000000000000000000000111000000000000000000001
000000000000000011111111100000000000000000001
000000000000000110100101111011000000000000000
000000000001110101010111001101100000000000001
000000000011000111110101100101110100000000001
000000000110110110110101110101110110000000000
000000000110110111111001100011110110000000000
000000000110011001111011000111110110000000001
000000000111001110011100110111101110000000000
000000000011110111111111101111011100000000001
000000000001111000111101011100111000000000001
000000000000111111110011110011110000000000000
000000000000000110001111111111100000000000001
000001111111100000111111111110000000000000001
001111110111011100001111000110000111111100001
000111100011011111000000001100111111111011101
000011111000101101110000011001110111011001110
000011111011000100101000110111101110000111101
000001111111110010101000100101101000111111100
000000011111011100101001001010000010001111000
000000000111111110001001001000111111111110000
000000000001111111100011100111001111111000001
000000000000000111001100000111111111000000000
000000000000000000111000000001110000000000000
000000000000000111100000000000000000000000000
000000000000000000000000000000000000000000000
001000001111110010111101110110001100101111011