26x76

0000000000000000000000000011111111111111111111000000000000000000000000000000
0000000000000000000000111111111111111111111111111000000000000000000000000001
0000000000000000000111111111111111111111111111111111000000000110001101100001
0001010110000000011111111111111111111111111111111111111000000011011011110000
1101010110000001111111111000011111111111110000111111111100000001111111100001
1111111110000011111111110000001111111111100000011111111111000011111111000001
0011111110000111111111110000001111111111100000011111111111111111111111000000
0011111111111111111111111000011111111111110000111111111111110011111100000000
0001111111111111111111111111111111111111111111111111111111110000011110000001
0000111000111111111111111111111111111111111111111111111111111000001111100001
0001111000111111111111111111111111111111111111111111111111111000000011110001
0001110000111111111111111111111111111111111111111111111101111111111111111100
0011111111111110011111111111111111111111111111111111110001111111111111111110
0011111111111110001111111111111111111111111111111111000001111111111110000001
0111100000001111000011111111111111111111111111111100000011110000000000000000
0000000000001111100000111111111111111111111111100000000011100000000000000001
0000000000000011110000000001111111111111111000000000001111000000000000000001
0000000000000001111100000000000000000000000000000000111110000000000000000000
0000000000000000111111000000111111111111110000000011111000000000000000000001
0000000000000000001111111100000111111111111100011111110000000000000000000000
0000000000000000000001111111111100111111111111111110000000000000000000000000
0000000000000000000000001111111111111111111111000000000000000000000000000000
0000000000000000000000000000000011111111111111100000000000000000000000000001
0000000000000000000000000000000000011111111111100000000000000000000000000000
0000000000000000000000000000000000000111111111000000000000000000000000000001
0101010000111000010110110000000111011000001011000110110000010100111001100011